# Created by Octave 6.1.0, Sat Jan 02 16:12:28 2021 GMT <unknown@DESKTOP-JMCGEED>
# name: X
# type: matrix
# rows: 5
# columns: 2
 1.9642999999999999 4.5956999999999999
 2.2753000000000001 3.8589000000000002
 2.9781 4.5651000000000002
 2.9319999999999999 3.5518999999999998
 3.5771999999999999 2.8559999999999999


