# Created by Octave 6.1.0, Sat Jan 02 16:39:32 2021 GMT <unknown@DESKTOP-JMCGEED>
# name: X
# type: matrix
# rows: 5
# columns: 2
 0 0
 1 2
 2 3
 -4 0
 -4 2


