# Created by Octave 6.1.0, Sat Jan 02 16:32:12 2021 GMT <unknown@DESKTOP-JMCGEED>
# name: X
# type: matrix
# rows: 5
# columns: 2
 0 0
 2 3
 -4 2
 -4 0
 1 2


