# Created by Octave 6.1.0, Sat Jan 02 16:32:18 2021 GMT <unknown@DESKTOP-JMCGEED>
# name: y
# type: matrix
# rows: 5
# columns: 1
 1
 1
 0
 0
 1


